name: py36gpu
channels:
  - conda-forge
  - anaconda
  - defaults
dependencies:
  - _tflow_select=2.1.0=gpu
  - absl-py=0.8.1=py36_0
  - astor=0.8.0=py36_0
  - blas=1.0=mkl
  - ca-certificates=2019.11.27=0
  - certifi=2019.11.28=py36_0
  - cudatoolkit=10.0.130=0
  - cudnn=7.6.5=cuda10.0_0
  - cycler=0.10.0=py_2
  - freetype=2.10.0=h563cfd7_1
  - gast=0.2.2=py36_0
  - google-pasta=0.1.8=py_0
  - grpcio=1.16.1=py36h351948d_1
  - h5py=2.9.0=py36h5e291fa_0
  - hdf5=1.10.4=h7ebc959_0
  - icc_rt=2019.0.0=h0cc432a_1
  - icu=64.2=he025d50_1
  - intel-openmp=2019.4=245
  - joblib=0.14.1=py_0
  - jpeg=9c=hfa6e2cd_1001
  - keras=2.3.1=py36h21ff451_0
  - keras-applications=1.0.8=py_0
  - keras-preprocessing=1.1.0=py_1
  - kiwisolver=1.1.0=py36he980bc4_0
  - libblas=3.8.0=14_mkl
  - libcblas=3.8.0=14_mkl
  - libclang=9.0.0=default_hf44288c_4
  - libgpuarray=0.7.6=hfa6e2cd_1003
  - liblapack=3.8.0=14_mkl
  - libpng=1.6.37=h7602738_0
  - libprotobuf=3.11.2=h7bd577a_0
  - mako=1.1.0=py_0
  - markdown=3.1.1=py36_0
  - markupsafe=1.1.1=py36hfa6e2cd_0
  - matplotlib=3.1.2=py36_1
  - matplotlib-base=3.1.2=py36h2981e6d_1
  - mkl=2019.4=245
  - mkl-service=2.3.0=py36hb782905_0
  - openssl=1.1.1=he774522_0
  - opt_einsum=3.1.0=py_0
  - pandas=0.25.3=py36ha925a31_0
  - pip=19.3.1=py36_0
  - protobuf=3.11.2=py36h33f27b4_0
  - psutil=5.6.7=py36he774522_0
  - pygpu=0.7.6=py36hc8d92b1_1000
  - pyparsing=2.4.5=py_0
  - pyqt=5.12.3=py36h6538335_1
  - pyreadline=2.1=py36_1
  - python=3.6.9=h5500b2f_0
  - python-dateutil=2.8.1=py_0
  - pytz=2019.3=py_0
  - pyyaml=5.2=py36hfa6e2cd_0
  - qt=5.12.5=h7ef1ec2_0
  - scikit-learn=0.22=py36h6288b17_0
  - setuptools=42.0.2=py36_0
  - six=1.13.0=py36_0
  - sqlite=3.30.1=he774522_0
  - tensorboard=2.0.0=pyhb38c66f_1
  - tensorflow=2.0.0=gpu_py36hfdd5754_0
  - tensorflow-base=2.0.0=gpu_py36h390e234_0
  - tensorflow-estimator=2.0.0=pyh2649769_0
  - tensorflow-gpu=2.0.0=h0d30ee6_0
  - termcolor=1.1.0=py36_1
  - theano=1.0.4=py36h6538335_1000
  - tornado=6.0.3=py36hfa6e2cd_0
  - vc=14.1=h0510ff6_4
  - vs2015_runtime=14.16.27012=hf0eaf9b_1
  - vs2015_win-64=14.0.25420=h55c1224_11
  - werkzeug=0.16.0=py_0
  - wheel=0.33.6=py36_0
  - wincertstore=0.2=py36h7fe50ca_0
  - wrapt=1.11.2=py36he774522_0
  - yaml=0.2.2=hfa6e2cd_1
  - zlib=1.2.11=h2fa13f4_1006
  - pip:
    - cloudpickle==1.2.2
    - future==0.18.2
    - gym==0.15.4
    - numpy==1.18.0
    - opencv-python==4.1.2.30
    - pyglet==1.3.2
    - pyqt5-sip==4.19.18
    - pyqtwebengine==5.12.1
    - scipy==1.4.1
    - xgboost==0.90
prefix: C:\Users\sallegretto-smith\.conda\envs\py36gpu

