name: py36amd
channels:
  - conda-forge
  - defaults
dependencies:
  - absl-py=0.9.0=py36_0
  - astor=0.7.1=py_0
  - blas=1.0=mkl
  - ca-certificates=2019.11.28=hecc5488_0
  - certifi=2019.11.28=py36_0
  - gast=0.3.2=py_0
  - grpcio=1.23.0=py36h3db2c7e_0
  - h5py=2.10.0=nompi_py36h422b98e_101
  - hdf5=1.10.5=nompi_ha405e13_1104
  - icc_rt=2019.0.0=h0cc432a_1
  - intel-openmp=2019.4=245
  - keras-applications=1.0.8=py_1
  - keras-preprocessing=1.1.0=py_0
  - libblas=3.8.0=14_mkl
  - libcblas=3.8.0=14_mkl
  - libgpuarray=0.7.6=hfa6e2cd_1003
  - liblapack=3.8.0=14_mkl
  - libprotobuf=3.11.2=h1a1b453_0
  - m2w64-gcc-libgfortran=5.3.0=6
  - m2w64-gcc-libs=5.3.0=7
  - m2w64-gcc-libs-core=5.3.0=7
  - m2w64-gmp=6.1.0=2
  - m2w64-libwinpthread-git=5.0.0.4634.697f757=2
  - mako=1.1.0=py_0
  - markdown=3.1.1=py_0
  - markupsafe=1.1.1=py36hfa6e2cd_0
  - mkl=2019.4=245
  - mkl-service=2.3.0=py36hfa6e2cd_0
  - msys2-conda-epoch=20160418=1
  - numpy=1.17.3=py36hc71023c_0
  - openssl=1.1.1d=hfa6e2cd_0
  - pip=19.3.1=py36_0
  - protobuf=3.11.2=py36he025d50_0
  - pygpu=0.7.6=py36hc8d92b1_1000
  - pyreadline=2.1=py36_1001
  - python=3.6.9=h5500b2f_0
  - pyyaml=5.2=py36hfa6e2cd_0
  - scipy=1.3.2=py36h29ff71c_0
  - setuptools=42.0.2=py36_0
  - six=1.13.0=py36_0
  - sqlite=3.30.1=he774522_0
  - tensorboard=1.13.1=py36_0
  - tensorflow=1.13.2=h21ff451_0
  - tensorflow-base=1.13.2=py36_0
  - tensorflow-estimator=1.13.0=py36h39e3cac_0
  - termcolor=1.1.0=py_2
  - theano=1.0.4=py36h6538335_1000
  - vc=14.1=h0510ff6_4
  - vs2015_runtime=14.16.27012=hf0eaf9b_1
  - vs2015_win-64=14.0.25420=h55c1224_11
  - werkzeug=0.16.0=py_0
  - wheel=0.33.6=py36_0
  - wincertstore=0.2=py36h7fe50ca_0
  - yaml=0.2.2=hfa6e2cd_1
  - zlib=1.2.11=h2fa13f4_1006
  - pip:
    - cffi==1.13.2
    - click==7.0
    - colorama==0.4.3
    - enum34==1.1.6
    - keras==2.2.4
    - plaidbench==0.6.4
    - plaidml==0.6.4
    - plaidml-keras==0.6.4
    - pycparser==2.19
prefix: C:\ProgramData\Anaconda3\envs\py36amd

